+-------+-------+-------+-------+-------+------+-------+-------+-------+-------+-------+-------+----------+-----------------+------+-------+---------------+
|       |  Env1 |  Env2 |  Env3 |  Env4 | Env5 |  Env6 |  Env7 |  Env8 |  Env9 | Env10 | Env11 | Geo Mean | Priority Vector |  %   |  Rank | Ranking Ratio |
+-------+-------+-------+-------+-------+------+-------+-------+-------+-------+-------+-------+----------+-----------------+------+-------+---------------+
|  Env1 |  1.0  |  1.17 |  2.83 |  3.08 | 3.5  |  3.58 |  2.17 |  0.55 |  1.58 |  2.08 |  0.93 |  1.748   |      0.135      | 13.5 |  6.25 |     10.838    |
|  Env2 |  0.85 |  1.0  |  2.66 |  2.91 | 3.33 |  3.41 |  2.0  |  0.5  |  1.41 |  1.91 |  0.8  |  1.587   |      0.122      | 12.2 |  6.08 |     10.543    |
|  Env3 |  0.35 |  0.38 |  1.0  |  1.25 | 1.67 |  1.75 |  0.6  |  0.27 |  0.44 |  0.57 |  0.34 |  0.635   |      0.049      | 4.9  |  4.42 |     7.664     |
|  Env4 |  0.32 |  0.34 |  0.8  |  1.0  | 1.42 |  1.5  |  0.52 |  0.26 |  0.4  |  0.5  |  0.32 |  0.557   |      0.043      | 4.3  |  4.17 |     7.231     |
|  Env5 |  0.29 |  0.3  |  0.6  |  0.7  | 1.0  |  1.08 |  0.43 |  0.23 |  0.34 |  0.41 |  0.28 |   0.45   |      0.035      | 3.5  |  3.75 |     6.503     |
|  Env6 |  0.28 |  0.29 |  0.57 |  0.67 | 0.93 |  1.0  |  0.41 |  0.23 |  0.33 |  0.4  |  0.27 |  0.432   |      0.033      | 3.3  |  3.67 |     6.364     |
|  Env7 |  0.46 |  0.5  |  1.66 |  1.91 | 2.33 |  2.41 |  1.0  |  0.33 |  0.63 |  0.92 |  0.44 |  0.908   |       0.07      | 7.0  |  5.08 |     8.809     |
|  Env8 |  1.83 |  2.0  |  3.66 |  3.91 | 4.33 |  4.41 |  3.0  |  1.0  |  2.41 |  2.91 |  1.75 |  2.601   |      0.201      | 20.1 |  7.08 |     12.277    |
|  Env9 |  0.63 |  0.71 |  2.25 |  2.5  | 2.92 |  3.0  |  1.59 |  0.41 |  1.0  |  1.5  |  0.6  |  1.262   |      0.097      | 9.7  |  5.67 |     9.832     |
| Env10 |  0.48 |  0.52 |  1.75 |  2.0  | 2.42 |  2.5  |  1.09 |  0.34 |  0.67 |  1.0  |  0.46 |  0.955   |      0.074      | 7.4  |  5.17 |     8.965     |
| Env11 |  1.08 |  1.25 |  2.91 |  3.16 | 3.58 |  3.66 |  2.25 |  0.57 |  1.66 |  2.16 |  1.0  |  1.825   |      0.141      | 14.1 |  6.33 |     10.976    |
|       |       |       |       |       |      |       |       |       |       |       |       |          |                 |      |       |               |
|       |       |       |       |       |      |       |       |       |       |       |       |  12.96   |        1        | 100  | 57.67 |               |
|       |       |       |       |       |      |       |       |       |       |       |       |          |                 |      |       |               |
|       | 1.022 | 1.032 | 1.014 | 0.993 | 0.96 | 0.934 | 1.054 | 0.943 | 1.054 | 1.063 | 1.014 |  11.083  |                 |      |       |               |
+-------+-------+-------+-------+-------+------+-------+-------+-------+-------+-------+-------+----------+-----------------+------+-------+---------------+
Consistency Index: 0.008
Consistency Ratio: 0.53%
