+-------+-------+-------+------+------+-------+------+-------+------+-------+-------+-------+----------+-----------------+------+-------+---------------+
|       |  Env1 |  Env2 | Env3 | Env4 |  Env5 | Env6 |  Env7 | Env8 |  Env9 | Env10 | Env11 | Geo Mean | Priority Vector |  %   |  Rank | Ranking Ratio |
+-------+-------+-------+------+------+-------+------+-------+------+-------+-------+-------+----------+-----------------+------+-------+---------------+
|  Env1 |  1.0  |  1.0  | 2.84 | 2.5  |  3.0  | 2.5  |  2.0  | 0.52 |  1.09 |  1.0  |  1.34 |  1.491   |      0.119      | 11.9 |  6.67 |     10.105    |
|  Env2 |  1.0  |  1.0  | 2.84 | 2.5  |  3.0  | 2.5  |  2.0  | 0.52 |  1.09 |  1.0  |  1.34 |  1.491   |      0.119      | 11.9 |  6.67 |     10.105    |
|  Env3 |  0.35 |  0.35 | 1.0  | 0.75 |  1.16 | 0.75 |  0.54 | 0.27 |  0.36 |  0.35 |  0.4  |  0.508   |      0.041      | 4.1  |  4.83 |     7.317     |
|  Env4 |  0.4  |  0.4  | 1.34 | 1.0  |  1.5  | 1.0  |  0.67 | 0.29 |  0.41 |  0.4  |  0.46 |  0.614   |      0.049      | 4.9  |  5.17 |     7.832     |
|  Env5 |  0.33 |  0.33 | 0.86 | 0.67 |  1.0  | 0.67 |  0.5  | 0.26 |  0.34 |  0.33 |  0.38 |  0.467   |      0.037      | 3.7  |  4.67 |     7.075     |
|  Env6 |  0.4  |  0.4  | 1.34 | 1.0  |  1.5  | 1.0  |  0.67 | 0.29 |  0.41 |  0.4  |  0.46 |  0.614   |      0.049      | 4.9  |  5.17 |     7.832     |
|  Env7 |  0.5  |  0.5  | 1.84 | 1.5  |  2.0  | 1.5  |  1.0  | 0.34 |  0.52 |  0.5  |  0.6  |  0.818   |      0.065      | 6.5  |  5.67 |      8.59     |
|  Env8 |  1.91 |  1.91 | 3.75 | 3.41 |  3.91 | 3.41 |  2.91 | 1.0  |  2.0  |  1.91 |  2.25 |  2.405   |      0.192      | 19.2 |  7.58 |     11.483    |
|  Env9 |  0.92 |  0.92 | 2.75 | 2.41 |  2.91 | 2.41 |  1.91 | 0.5  |  1.0  |  0.92 |  1.25 |  1.408   |      0.113      | 11.3 |  6.58 |     9.968     |
| Env10 |  1.0  |  1.0  | 2.84 | 2.5  |  3.0  | 2.5  |  2.0  | 0.52 |  1.09 |  1.0  |  1.34 |  1.491   |      0.119      | 11.9 |  6.67 |     10.105    |
| Env11 |  0.75 |  0.75 | 2.5  | 2.16 |  2.66 | 2.16 |  1.66 | 0.44 |  0.8  |  0.75 |  1.0  |  1.203   |      0.096      | 9.6  |  6.33 |     9.589     |
|       |       |       |      |      |       |      |       |      |       |       |       |          |                 |      |       |               |
|       |       |       |      |      |       |      |       |      |       |       |       |  12.51   |        1        | 100  | 66.01 |               |
|       |       |       |      |      |       |      |       |      |       |       |       |          |                 |      |       |               |
|       | 1.019 | 1.019 | 0.98 | 1.0  | 0.949 | 1.0  | 1.031 | 0.95 | 1.029 | 1.019 | 1.039 |  11.035  |                 |      |       |               |
+-------+-------+-------+------+------+-------+------+-------+------+-------+-------+-------+----------+-----------------+------+-------+---------------+
Consistency Index: 0.004
Consistency Ratio: 0.265%
