+-----+-------+-------+-------+-------+-------+-------+-------+-------+-------+-------+----------+-----------------+------+-------+---------------+
|     |   S1  |   S2  |   S3  |   S4  |   S5  |   S6  |   S7  |   S8  |   S9  |  S10  | Geo Mean | Priority Vector |  %   |  Rank | Ranking Ratio |
+-----+-------+-------+-------+-------+-------+-------+-------+-------+-------+-------+----------+-----------------+------+-------+---------------+
|  S1 |  1.0  |  2.18 |  0.92 |  5.37 |  5.82 |  4.37 |  2.09 |  2.09 |  3.18 |  3.73 |  2.601   |      0.204      | 20.4 |  7.82 |     13.609    |
|  S2 |  0.46 |  1.0  |  0.44 |  4.19 |  4.64 |  3.19 |  0.92 |  0.92 |  2.0  |  2.55 |  1.491   |      0.117      | 11.7 |  6.64 |     11.556    |
|  S3 |  1.09 |  2.27 |  1.0  |  5.46 |  5.91 |  4.46 |  2.18 |  2.18 |  3.27 |  3.82 |  2.707   |      0.212      | 21.2 |  7.91 |     13.766    |
|  S4 |  0.19 |  0.24 |  0.18 |  1.0  |  1.45 |  0.5  |  0.23 |  0.23 |  0.31 |  0.38 |  0.361   |      0.028      | 2.8  |  3.45 |     6.004     |
|  S5 |  0.17 |  0.22 |  0.17 |  0.69 |  1.0  |  0.41 |  0.21 |  0.21 |  0.27 |  0.32 |  0.305   |      0.024      | 2.4  |  3.0  |     5.221     |
|  S6 |  0.23 |  0.31 |  0.22 |  2.0  |  2.45 |  1.0  |  0.3  |  0.3  |  0.46 |  0.61 |  0.536   |      0.042      | 4.2  |  4.45 |     7.745     |
|  S7 |  0.48 |  1.09 |  0.46 |  4.28 |  4.73 |  3.28 |  1.0  |  1.0  |  2.09 |  2.64 |  1.565   |      0.123      | 12.3 |  6.73 |     11.712    |
|  S8 |  0.48 |  1.09 |  0.46 |  4.28 |  4.73 |  3.28 |  1.0  |  1.0  |  2.09 |  2.64 |  1.565   |      0.123      | 12.3 |  6.73 |     11.712    |
|  S9 |  0.31 |  0.5  |  0.31 |  3.19 |  3.64 |  2.19 |  0.48 |  0.48 |  1.0  |  1.55 |   0.92   |      0.072      | 7.2  |  5.64 |     9.816     |
| S10 |  0.27 |  0.39 |  0.26 |  2.64 |  3.09 |  1.64 |  0.38 |  0.38 |  0.65 |  1.0  |  0.714   |      0.056      | 5.6  |  5.09 |     8.858     |
|     |       |       |       |       |       |       |       |       |       |       |          |                 |      |       |               |
|     |       |       |       |       |       |       |       |       |       |       |  12.765  |        1        | 100  | 57.46 |               |
|     |       |       |       |       |       |       |       |       |       |       |          |                 |      |       |               |
|     | 0.955 | 1.087 | 0.937 | 0.927 | 0.899 | 1.021 | 1.081 | 1.081 | 1.103 | 1.077 |  10.168  |                 |      |       |               |
+-----+-------+-------+-------+-------+-------+-------+-------+-------+-------+-------+----------+-----------------+------+-------+---------------+
Consistency Index: 0.019
Consistency Ratio: 1.275%
