+-----+-------+-------+-------+-------+-------+-------+-------+-------+-------+-------+----------+-----------------+------+-------+---------------+
|     |   E1  |   E2  |   E3  |   E4  |   E5  |   E6  |   E7  |   E8  |   E9  |  E10  | Geo Mean | Priority Vector |  %   |  Rank | Ranking Ratio |
+-----+-------+-------+-------+-------+-------+-------+-------+-------+-------+-------+----------+-----------------+------+-------+---------------+
|  E1 |  1.0  |  0.71 |  1.5  |  1.59 |  0.63 |  2.09 |  0.93 |  1.92 |  2.09 |  3.92 |  1.417   |      0.126      | 12.6 |  6.67 |     10.996    |
|  E2 |  1.41 |  1.0  |  1.91 |  2.0  |  0.85 |  2.5  |  1.33 |  2.33 |  2.5  |  4.33 |  1.813   |      0.161      | 16.1 |  7.08 |     11.672    |
|  E3 |  0.67 |  0.52 |  1.0  |  1.09 |  0.48 |  1.59 |  0.63 |  1.42 |  1.59 |  3.42 |  1.035   |      0.092      | 9.2  |  6.17 |     10.171    |
|  E4 |  0.63 |  0.5  |  0.92 |  1.0  |  0.46 |  1.5  |  0.6  |  1.33 |  1.5  |  3.33 |  0.978   |      0.087      | 8.7  |  6.08 |     10.023    |
|  E5 |  1.58 |  1.17 |  2.08 |  2.17 |  1.0  |  2.67 |  1.5  |  2.5  |  2.67 |  4.5  |  1.996   |      0.177      | 17.7 |  7.25 |     11.952    |
|  E6 |  0.48 |  0.4  |  0.63 |  0.67 |  0.37 |  1.0  |  0.46 |  0.85 |  1.0  |  2.83 |  0.711   |      0.063      | 6.3  |  5.58 |     9.199     |
|  E7 |  1.08 |  0.75 |  1.58 |  1.67 |  0.67 |  2.17 |  1.0  |  2.0  |  2.17 |  4.0  |   1.49   |      0.132      | 13.2 |  6.75 |     11.128    |
|  E8 |  0.52 |  0.43 |  0.7  |  0.75 |  0.4  |  1.17 |  0.5  |  1.0  |  1.17 |  3.0  |  0.791   |       0.07      | 7.0  |  5.75 |     9.479     |
|  E9 |  0.48 |  0.4  |  0.63 |  0.67 |  0.37 |  1.0  |  0.46 |  0.85 |  1.0  |  2.83 |  0.711   |      0.063      | 6.3  |  5.58 |     9.199     |
| E10 |  0.26 |  0.23 |  0.29 |  0.3  |  0.22 |  0.35 |  0.25 |  0.33 |  0.35 |  1.0  |  0.321   |      0.029      | 2.9  |  3.75 |     6.182     |
|     |       |       |       |       |       |       |       |       |       |       |          |                 |      |       |               |
|     |       |       |       |       |       |       |       |       |       |       |  11.263  |        1        | 100  | 60.66 |               |
|     |       |       |       |       |       |       |       |       |       |       |          |                 |      |       |               |
|     | 1.022 | 0.984 | 1.034 | 1.036 | 0.965 | 1.011 | 1.011 | 1.017 | 1.011 | 0.962 |  10.053  |                 |      |       |               |
+-----+-------+-------+-------+-------+-------+-------+-------+-------+-------+-------+----------+-----------------+------+-------+---------------+
Consistency Index: 0.006
Consistency Ratio: 0.403%
