+-----+-------+-------+-------+-------+-------+-------+-------+-------+-------+-------+----------+-----------------+------+-------+---------------+
|     |   S1  |   S2  |   S3  |   S4  |   S5  |   S6  |   S7  |   S8  |   S9  |  S10  | Geo Mean | Priority Vector |  %   |  Rank | Ranking Ratio |
+-----+-------+-------+-------+-------+-------+-------+-------+-------+-------+-------+----------+-----------------+------+-------+---------------+
|  S1 |  1.0  |  2.82 |  1.36 |  5.63 |  5.82 |  4.45 |  2.45 |  2.63 |  3.45 |  3.54 |  2.913   |      0.231      | 23.1 |  8.18 |     13.947    |
|  S2 |  0.35 |  1.0  |  0.41 |  3.81 |  4.0  |  2.63 |  0.73 |  0.84 |  1.63 |  1.72 |  1.258   |       0.1       | 10.0 |  6.36 |     10.844    |
|  S3 |  0.74 |  2.46 |  1.0  |  5.27 |  5.46 |  4.09 |  2.09 |  2.27 |  3.09 |  3.18 |  2.512   |      0.199      | 19.9 |  7.82 |     13.333    |
|  S4 |  0.18 |  0.26 |  0.19 |  1.0  |  1.19 |  0.46 |  0.24 |  0.25 |  0.31 |  0.32 |  0.352   |      0.028      | 2.8  |  3.55 |     6.053     |
|  S5 |  0.17 |  0.25 |  0.18 |  0.84 |  1.0  |  0.42 |  0.23 |  0.24 |  0.3  |  0.3  |  0.326   |      0.026      | 2.6  |  3.36 |     5.729     |
|  S6 |  0.22 |  0.38 |  0.24 |  2.18 |  2.37 |  1.0  |  0.33 |  0.35 |  0.5  |  0.52 |  0.561   |      0.044      | 4.4  |  4.73 |     8.065     |
|  S7 |  0.41 |  1.37 |  0.48 |  4.18 |  4.37 |  3.0  |  1.0  |  1.18 |  2.0  |  2.09 |  1.536   |      0.122      | 12.2 |  6.73 |     11.475    |
|  S8 |  0.38 |  1.19 |  0.44 |  4.0  |  4.19 |  2.82 |  0.85 |  1.0  |  1.82 |  1.91 |  1.394   |       0.11      | 11.0 |  6.55 |     11.168    |
|  S9 |  0.29 |  0.61 |  0.32 |  3.18 |  3.37 |  2.0  |  0.5  |  0.55 |  1.0  |  1.09 |  0.904   |      0.072      | 7.2  |  5.73 |      9.77     |
| S10 |  0.28 |  0.58 |  0.31 |  3.09 |  3.28 |  1.91 |  0.48 |  0.52 |  0.92 |  1.0  |  0.861   |      0.068      | 6.8  |  5.64 |     9.616     |
|     |       |       |       |       |       |       |       |       |       |       |          |                 |      |       |               |
|     |       |       |       |       |       |       |       |       |       |       |  12.617  |        1        | 100  | 58.65 |               |
|     |       |       |       |       |       |       |       |       |       |       |          |                 |      |       |               |
|     | 0.929 | 1.092 | 0.981 | 0.929 | 0.911 | 1.002 | 1.086 | 1.081 | 1.081 | 1.066 |  10.158  |                 |      |       |               |
+-----+-------+-------+-------+-------+-------+-------+-------+-------+-------+-------+----------+-----------------+------+-------+---------------+
Consistency Index: 0.018
Consistency Ratio: 1.208%
