+-----+-------+-------+-------+-------+-------+------+-------+-------+-------+-------+----------+-----------------+------+-------+---------------+
|     |   S1  |   S2  |   S3  |   S4  |   S5  |  S6  |   S7  |   S8  |   S9  |  S10  | Geo Mean | Priority Vector |  %   |  Rank | Ranking Ratio |
+-----+-------+-------+-------+-------+-------+------+-------+-------+-------+-------+----------+-----------------+------+-------+---------------+
|  S1 |  1.0  |  1.18 |  0.73 |  4.82 |  5.09 | 4.0  |  1.18 |  1.0  |  2.27 |  3.36 |  1.941   |      0.154      | 15.4 |  7.18 |     12.537    |
|  S2 |  0.85 |  1.0  |  0.65 |  4.64 |  4.91 | 3.82 |  1.0  |  0.85 |  2.09 |  3.18 |  1.751   |      0.139      | 13.9 |  7.0  |     12.223    |
|  S3 |  1.37 |  1.55 |  1.0  |  5.19 |  5.46 | 4.37 |  1.55 |  1.37 |  2.64 |  3.73 |  2.366   |      0.188      | 18.8 |  7.55 |     13.183    |
|  S4 |  0.21 |  0.22 |  0.19 |  1.0  |  1.27 | 0.55 |  0.22 |  0.21 |  0.28 |  0.41 |  0.356   |      0.028      | 2.8  |  3.36 |     5.867     |
|  S5 |  0.2  |  0.2  |  0.18 |  0.79 |  1.0  | 0.48 |  0.2  |  0.2  |  0.26 |  0.37 |  0.318   |      0.025      | 2.5  |  3.09 |     5.395     |
|  S6 |  0.25 |  0.26 |  0.23 |  1.82 |  2.09 | 1.0  |  0.26 |  0.25 |  0.37 |  0.61 |  0.492   |      0.039      | 3.9  |  4.18 |     7.299     |
|  S7 |  0.85 |  1.0  |  0.65 |  4.64 |  4.91 | 3.82 |  1.0  |  0.85 |  2.09 |  3.18 |  1.751   |      0.139      | 13.9 |  7.0  |     12.223    |
|  S8 |  1.0  |  1.18 |  0.73 |  4.82 |  5.09 | 4.0  |  1.18 |  1.0  |  2.27 |  3.36 |  1.941   |      0.154      | 15.4 |  7.18 |     12.537    |
|  S9 |  0.44 |  0.48 |  0.38 |  3.55 |  3.82 | 2.73 |  0.48 |  0.44 |  1.0  |  2.09 |  1.027   |      0.082      | 8.2  |  5.91 |     10.32     |
| S10 |  0.3  |  0.31 |  0.27 |  2.46 |  2.73 | 1.64 |  0.31 |  0.3  |  0.48 |  1.0  |  0.644   |      0.051      | 5.1  |  4.82 |     8.416     |
|     |       |       |       |       |       |      |       |       |       |       |          |                 |      |       |               |
|     |       |       |       |       |       |      |       |       |       |       |  12.587  |        1        | 100  | 57.27 |               |
|     |       |       |       |       |       |      |       |       |       |       |          |                 |      |       |               |
|     | 0.996 | 1.026 | 0.942 | 0.944 | 0.909 | 1.03 | 1.026 | 0.996 | 1.128 | 1.086 |  10.083  |                 |      |       |               |
+-----+-------+-------+-------+-------+-------+------+-------+-------+-------+-------+----------+-----------------+------+-------+---------------+
Consistency Index: 0.009
Consistency Ratio: 0.604%
