+-------+-------+------+-------+-------+-------+-------+-------+------+-------+-------+-------+----------+-----------------+------+-------+---------------+
|       |  Env1 | Env2 |  Env3 |  Env4 |  Env5 |  Env6 |  Env7 | Env8 |  Env9 | Env10 | Env11 | Geo Mean | Priority Vector |  %   |  Rank | Ranking Ratio |
+-------+-------+------+-------+-------+-------+-------+-------+------+-------+-------+-------+----------+-----------------+------+-------+---------------+
|  Env1 |  1.0  | 2.58 |  3.5  |  2.42 |  3.5  |  3.5  |  2.17 | 1.08 |  2.08 |  0.8  |  0.75 |  1.833   |      0.142      | 14.2 |  6.0  |     11.163    |
|  Env2 |  0.39 | 1.0  |  1.92 |  0.86 |  1.92 |  1.92 |  0.71 | 0.4  |  0.67 |  0.35 |  0.34 |  0.767   |      0.059      | 5.9  |  4.42 |     8.223     |
|  Env3 |  0.29 | 0.52 |  1.0  |  0.48 |  1.0  |  1.0  |  0.43 | 0.29 |  0.41 |  0.27 |  0.26 |  0.472   |      0.037      | 3.7  |  3.5  |     6.512     |
|  Env4 |  0.41 | 1.16 |  2.08 |  1.0  |  2.08 |  2.08 |  0.8  | 0.43 |  0.75 |  0.37 |  0.36 |   0.84   |      0.065      | 6.5  |  4.58 |     8.521     |
|  Env5 |  0.29 | 0.52 |  1.0  |  0.48 |  1.0  |  1.0  |  0.43 | 0.29 |  0.41 |  0.27 |  0.26 |  0.472   |      0.037      | 3.7  |  3.5  |     6.512     |
|  Env6 |  0.29 | 0.52 |  1.0  |  0.48 |  1.0  |  1.0  |  0.43 | 0.29 |  0.41 |  0.27 |  0.26 |  0.472   |      0.037      | 3.7  |  3.5  |     6.512     |
|  Env7 |  0.46 | 1.41 |  2.33 |  1.25 |  2.33 |  2.33 |  1.0  | 0.48 |  0.92 |  0.41 |  0.4  |  0.973   |      0.075      | 7.5  |  4.83 |     8.986     |
|  Env8 |  0.93 | 2.5  |  3.42 |  2.34 |  3.42 |  3.42 |  2.09 | 1.0  |  2.0  |  0.75 |  0.71 |  1.754   |      0.136      | 13.6 |  5.92 |     11.014    |
|  Env9 |  0.48 | 1.5  |  2.42 |  1.34 |  2.42 |  2.42 |  1.09 | 0.5  |  1.0  |  0.43 |  0.41 |  1.025   |       0.08      | 8.0  |  4.92 |     9.153     |
| Env10 |  1.25 | 2.83 |  3.75 |  2.67 |  3.75 |  3.75 |  2.42 | 1.33 |  2.33 |  1.0  |  0.93 |  2.098   |      0.163      | 16.3 |  6.25 |     11.628    |
| Env11 |  1.33 | 2.91 |  3.83 |  2.75 |  3.83 |  3.83 |  2.5  | 1.41 |  2.41 |  1.08 |  1.0  |  2.187   |       0.17      | 17.0 |  6.33 |     11.777    |
|       |       |      |       |       |       |       |       |      |       |       |       |          |                 |      |       |               |
|       |       |      |       |       |       |       |       |      |       |       |       |  12.893  |        1        | 100  | 53.75 |               |
|       |       |      |       |       |       |       |       |      |       |       |       |          |                 |      |       |               |
|       | 1.011 | 1.03 | 0.971 | 1.045 | 0.971 | 0.971 | 1.055 | 1.02 | 1.071 | 0.978 | 0.966 |  11.089  |                 |      |       |               |
+-------+-------+------+-------+-------+-------+-------+-------+------+-------+-------+-------+----------+-----------------+------+-------+---------------+
Consistency Index: 0.009
Consistency Ratio: 0.596%
