+-----+-------+-------+-------+-------+-------+-------+-------+------+------+-------+----------+-----------------+------+-------+---------------+
|     |   E1  |   E2  |   E3  |   E4  |   E5  |   E6  |   E7  |  E8  |  E9  |  E10  | Geo Mean | Priority Vector |  %   |  Rank | Ranking Ratio |
+-----+-------+-------+-------+-------+-------+-------+-------+------+------+-------+----------+-----------------+------+-------+---------------+
|  E1 |  1.0  |  0.46 |  1.67 |  1.17 |  0.67 |  1.67 |  0.7  | 2.33 | 2.33 |  4.17 |  1.319   |      0.113      | 11.3 |  7.0  |     10.811    |
|  E2 |  2.17 |  1.0  |  2.84 |  2.34 |  1.67 |  2.84 |  1.75 | 3.5  | 3.5  |  5.34 |  2.451   |       0.21      | 21.0 |  8.17 |     12.618    |
|  E3 |  0.6  |  0.35 |  1.0  |  0.67 |  0.46 |  1.0  |  0.48 | 1.66 | 1.66 |  3.5  |  0.886   |      0.076      | 7.6  |  6.33 |     9.776     |
|  E4 |  0.85 |  0.43 |  1.5  |  1.0  |  0.6  |  1.5  |  0.63 | 2.16 | 2.16 |  4.0  |  1.192   |      0.102      | 10.2 |  6.83 |     10.548    |
|  E5 |  1.5  |  0.6  |  2.17 |  1.67 |  1.0  |  2.17 |  1.08 | 2.83 | 2.83 |  4.67 |   1.76   |       0.15      | 15.0 |  7.5  |     11.583    |
|  E6 |  0.6  |  0.35 |  1.0  |  0.67 |  0.46 |  1.0  |  0.48 | 1.66 | 1.66 |  3.5  |  0.886   |      0.076      | 7.6  |  6.33 |     9.776     |
|  E7 |  1.42 |  0.57 |  2.09 |  1.59 |  0.93 |  2.09 |  1.0  | 2.75 | 2.75 |  4.59 |  1.682   |      0.144      | 14.4 |  7.42 |     11.459    |
|  E8 |  0.43 |  0.29 |  0.6  |  0.46 |  0.35 |  0.6  |  0.36 | 1.0  | 1.0  |  2.84 |  0.612   |      0.052      | 5.2  |  5.67 |     8.757     |
|  E9 |  0.43 |  0.29 |  0.6  |  0.46 |  0.35 |  0.6  |  0.36 | 1.0  | 1.0  |  2.84 |  0.612   |      0.052      | 5.2  |  5.67 |     8.757     |
| E10 |  0.24 |  0.19 |  0.29 |  0.25 |  0.21 |  0.29 |  0.22 | 0.35 | 0.35 |  1.0  |  0.297   |      0.025      | 2.5  |  3.83 |     5.915     |
|     |       |       |       |       |       |       |       |      |      |       |          |                 |      |       |               |
|     |       |       |       |       |       |       |       |      |      |       |  11.697  |        1        | 100  | 64.75 |               |
|     |       |       |       |       |       |       |       |      |      |       |          |                 |      |       |               |
|     | 1.044 | 0.951 | 1.046 | 1.049 | 1.005 | 1.046 | 1.017 | 1.0  | 1.0  | 0.911 |  10.069  |                 |      |       |               |
+-----+-------+-------+-------+-------+-------+-------+-------+------+------+-------+----------+-----------------+------+-------+---------------+
Consistency Index: 0.008
Consistency Ratio: 0.537%
