+-----+-------+-------+-------+-------+-------+-------+-------+-------+-------+-------+----------+-----------------+------+-------+---------------+
|     |   E1  |   E2  |   E3  |   E4  |   E5  |   E6  |   E7  |   E8  |   E9  |  E10  | Geo Mean | Priority Vector |  %   |  Rank | Ranking Ratio |
+-----+-------+-------+-------+-------+-------+-------+-------+-------+-------+-------+----------+-----------------+------+-------+---------------+
|  E1 |  1.0  |  0.52 |  1.08 |  1.08 |  0.54 |  2.08 |  0.6  |  2.5  |  2.33 |  4.0  |  1.253   |      0.107      | 10.7 |  6.83 |     10.729    |
|  E2 |  1.92 |  1.0  |  2.0  |  2.0  |  1.08 |  3.0  |  1.25 |  3.42 |  3.25 |  4.92 |  2.104   |      0.179      | 17.9 |  7.75 |     12.174    |
|  E3 |  0.93 |  0.5  |  1.0  |  1.0  |  0.52 |  2.0  |  0.57 |  2.42 |  2.25 |  3.92 |  1.194   |      0.102      | 10.2 |  6.75 |     10.603    |
|  E4 |  0.93 |  0.5  |  1.0  |  1.0  |  0.52 |  2.0  |  0.57 |  2.42 |  2.25 |  3.92 |  1.194   |      0.102      | 10.2 |  6.75 |     10.603    |
|  E5 |  1.84 |  0.93 |  1.92 |  1.92 |  1.0  |  2.92 |  1.17 |  3.34 |  3.17 |  4.84 |  2.015   |      0.171      | 17.1 |  7.67 |     12.048    |
|  E6 |  0.48 |  0.33 |  0.5  |  0.5  |  0.34 |  1.0  |  0.36 |  1.42 |  1.25 |  2.92 |  0.692   |      0.059      | 5.9  |  5.75 |     9.032     |
|  E7 |  1.67 |  0.8  |  1.75 |  1.75 |  0.85 |  2.75 |  1.0  |  3.17 |  3.0  |  4.67 |  1.832   |      0.156      | 15.6 |  7.5  |     11.781    |
|  E8 |  0.4  |  0.29 |  0.41 |  0.41 |  0.3  |  0.7  |  0.32 |  1.0  |  0.85 |  2.5  |  0.555   |      0.047      | 4.7  |  5.33 |     8.373     |
|  E9 |  0.43 |  0.31 |  0.44 |  0.44 |  0.32 |  0.8  |  0.33 |  1.17 |  1.0  |  2.67 |  0.607   |      0.052      | 5.2  |  5.5  |      8.64     |
| E10 |  0.25 |  0.2  |  0.26 |  0.26 |  0.21 |  0.34 |  0.21 |  0.4  |  0.37 |  1.0  |  0.307   |      0.026      | 2.6  |  3.83 |     6.016     |
|     |       |       |       |       |       |       |       |       |       |       |          |                 |      |       |               |
|     |       |       |       |       |       |       |       |       |       |       |  11.753  |        1        | 100  | 63.66 |               |
|     |       |       |       |       |       |       |       |       |       |       |          |                 |      |       |               |
|     | 1.054 | 0.963 | 1.057 | 1.057 | 0.971 | 1.038 | 0.995 | 0.999 | 1.025 | 0.919 |  10.078  |                 |      |       |               |
+-----+-------+-------+-------+-------+-------+-------+-------+-------+-------+-------+----------+-----------------+------+-------+---------------+
Consistency Index: 0.009
Consistency Ratio: 0.604%
